K_POINTS crystal
   191
        0.5000000   0.5000000   0.5000000    1
        0.4833333   0.4833333   0.4833333    2
        0.4666667   0.4666667   0.4666667    3
        0.4500000   0.4500000   0.4500000    4
        0.4333333   0.4333333   0.4333333    5
        0.4166667   0.4166667   0.4166667    6
        0.4000000   0.4000000   0.4000000    7
        0.3833333   0.3833333   0.3833333    8
        0.3666667   0.3666667   0.3666667    9
        0.3500000   0.3500000   0.3500000   10
        0.3333333   0.3333333   0.3333333   11
        0.3166667   0.3166667   0.3166667   12
        0.3000000   0.3000000   0.3000000   13
        0.2833333   0.2833333   0.2833333   14
        0.2666667   0.2666667   0.2666667   15
        0.2500000   0.2500000   0.2500000   16
        0.2333333   0.2333333   0.2333333   17
        0.2166667   0.2166667   0.2166667   18
        0.2000000   0.2000000   0.2000000   19
        0.1833333   0.1833333   0.1833333   20
        0.1666667   0.1666667   0.1666667   21
        0.1500000   0.1500000   0.1500000   22
        0.1333333   0.1333333   0.1333333   23
        0.1166667   0.1166667   0.1166667   24
        0.1000000   0.1000000   0.1000000   25
        0.0833333   0.0833333   0.0833333   26
        0.0666667   0.0666667   0.0666667   27
        0.0500000   0.0500000   0.0500000   28
        0.0333333   0.0333333   0.0333333   29
        0.0166667   0.0166667   0.0166667   30
        0.0000000   0.0000000   0.0000000   31
       -0.0166667  -0.0166667  -0.0166667   32
       -0.0333333  -0.0333333  -0.0333333   33
       -0.0500000  -0.0500000  -0.0500000   34
       -0.0666667  -0.0666667  -0.0666667   35
       -0.0833333  -0.0833333  -0.0833333   36
       -0.1000000  -0.1000000  -0.1000000   37
       -0.1166667  -0.1166667  -0.1166667   38
       -0.1333333  -0.1333333  -0.1333333   39
       -0.1500000  -0.1500000  -0.1500000   40
       -0.1666667  -0.1666667  -0.1666667   41
       -0.1833333  -0.1833333  -0.1833333   42
       -0.2000000  -0.2000000  -0.2000000   43
       -0.2166667  -0.2166667  -0.2166667   44
       -0.2333333  -0.2333333  -0.2333333   45
       -0.2500000  -0.2500000  -0.2500000   46
       -0.2666667  -0.2666667  -0.2666667   47
       -0.2833333  -0.2833333  -0.2833333   48
       -0.3000000  -0.3000000  -0.3000000   49
       -0.3166667  -0.3166667  -0.3166667   50
       -0.3333333  -0.3333333  -0.3333333   51
       -0.3500000  -0.3500000  -0.3500000   52
       -0.3666667  -0.3666667  -0.3666667   53
       -0.3833333  -0.3833333  -0.3833333   54
       -0.4000000  -0.4000000  -0.4000000   55
       -0.4166667  -0.4166667  -0.4166667   56
       -0.4333333  -0.4333333  -0.4333333   57
       -0.4500000  -0.4500000  -0.4500000   58
       -0.4666667  -0.4666667  -0.4666667   59
       -0.4833333  -0.4833333  -0.4833333   60
        0.5000000   0.5000000   0.5000000   61
        0.4833333   0.4833333   0.4833333   62
        0.4666667   0.4666667   0.4666667   63
        0.4500000   0.4500000   0.4500000   64
        0.4333333   0.4333333   0.4333333   65
        0.4166667   0.4166667   0.4166667   66
        0.4000000   0.4000000   0.4000000   67
        0.3833333   0.3833333   0.3833333   68
        0.3666667   0.3666667   0.3666667   69
        0.3500000   0.3500000   0.3500000   70
        0.3333333   0.3333333   0.3333333   71
        0.3166667   0.3166667   0.3166667   72
        0.3000000   0.3000000   0.3000000   73
        0.2833333   0.2833333   0.2833333   74
        0.2666667   0.2666667   0.2666667   75
        0.2500000   0.2500000   0.2500000   76
        0.2333333   0.2333333   0.2333333   77
        0.2166667   0.2166667   0.2166667   78
        0.2000000   0.2000000   0.2000000   79
        0.1833333   0.1833333   0.1833333   80
        0.1666667   0.1666667   0.1666667   81
        0.1500000   0.1500000   0.1500000   82
        0.1333333   0.1333333   0.1333333   83
        0.1166667   0.1166667   0.1166667   84
        0.1000000   0.1000000   0.1000000   85
        0.0833333   0.0833333   0.0833333   86
        0.0666667   0.0666667   0.0666667   87
        0.0500000   0.0500000   0.0500000   88
        0.0333333   0.0333333   0.0333333   89
        0.0166667   0.0166667   0.0166667   90
        0.0000000   0.0000000   0.0000000   91
        0.0300000   0.0000000   0.0000000   92
        0.0600000   0.0000000   0.0000000   93
        0.0900000   0.0000000   0.0000000   94
        0.1200000   0.0000000   0.0000000   95
        0.1500000   0.0000000   0.0000000   96
        0.1800000   0.0000000   0.0000000   97
        0.2100000   0.0000000   0.0000000   98
        0.2400000   0.0000000   0.0000000   99
        0.2700000   0.0000000   0.0000000  100
        0.3000000   0.0000000   0.0000000  101
        0.3300000   0.0000000   0.0000000  102
        0.3600000   0.0000000   0.0000000  103
        0.3900000   0.0000000   0.0000000  104
        0.4200000   0.0000000   0.0000000  105
        0.4500000   0.0000000   0.0000000  106
        0.4800000   0.0000000   0.0000000  107
       -0.4900000   0.0000000   0.0000000  108
       -0.4600000   0.0000000   0.0000000  109
       -0.4300000   0.0000000   0.0000000  110
       -0.4000000   0.0000000   0.0000000  111
       -0.3700000   0.0000000   0.0000000  112
       -0.3400000   0.0000000   0.0000000  113
       -0.3100000   0.0000000   0.0000000  114
       -0.2800000   0.0000000   0.0000000  115
       -0.2500000   0.0000000   0.0000000  116
       -0.2200000   0.0000000   0.0000000  117
       -0.1900000   0.0000000   0.0000000  118
       -0.1600000   0.0000000   0.0000000  119
       -0.1300000   0.0000000   0.0000000  120
       -0.1000000   0.0000000   0.0000000  121
       -0.0700000   0.0000000   0.0000000  122
       -0.0400000   0.0000000   0.0000000  123
       -0.0100000   0.0000000   0.0000000  124
        0.0200000   0.0000000   0.0000000  125
        0.0500000   0.0000000   0.0000000  126
        0.0800000   0.0000000   0.0000000  127
        0.1100000   0.0000000   0.0000000  128
        0.1400000   0.0000000   0.0000000  129
        0.1700000   0.0000000   0.0000000  130
        0.2000000   0.0000000   0.0000000  131
        0.2300000   0.0000000   0.0000000  132
        0.2600000   0.0000000   0.0000000  133
        0.2900000   0.0000000   0.0000000  134
        0.3200000   0.0000000   0.0000000  135
        0.3500000   0.0000000   0.0000000  136
        0.3800000   0.0000000   0.0000000  137
        0.4100000   0.0000000   0.0000000  138
        0.4400000   0.0000000   0.0000000  139
        0.4700000   0.0000000   0.0000000  140
        0.5000000   0.0000000   0.0000000  141
       -0.4700000   0.0000000   0.0000000  142
       -0.4400000   0.0000000   0.0000000  143
       -0.4100000   0.0000000   0.0000000  144
       -0.3800000   0.0000000   0.0000000  145
       -0.3500000   0.0000000   0.0000000  146
       -0.3200000   0.0000000   0.0000000  147
       -0.2900000   0.0000000   0.0000000  148
       -0.2600000   0.0000000   0.0000000  149
       -0.2300000   0.0000000   0.0000000  150
       -0.2000000   0.0000000   0.0000000  151
       -0.1700000   0.0000000   0.0000000  152
       -0.1400000   0.0000000   0.0000000  153
       -0.1100000   0.0000000   0.0000000  154
       -0.0800000   0.0000000   0.0000000  155
       -0.0500000   0.0000000   0.0000000  156
       -0.0200000   0.0000000   0.0000000  157
        0.0100000   0.0000000   0.0000000  158
        0.0400000   0.0000000   0.0000000  159
        0.0700000   0.0000000   0.0000000  160
        0.1000000   0.0000000   0.0000000  161
        0.1300000   0.0000000   0.0000000  162
        0.1600000   0.0000000   0.0000000  163
        0.1900000   0.0000000   0.0000000  164
        0.2200000   0.0000000   0.0000000  165
        0.2500000   0.0000000   0.0000000  166
        0.2800000   0.0000000   0.0000000  167
        0.3100000   0.0000000   0.0000000  168
        0.3400000   0.0000000   0.0000000  169
        0.3700000   0.0000000   0.0000000  170
        0.4000000   0.0000000   0.0000000  171
        0.4300000   0.0000000   0.0000000  172
        0.4600000   0.0000000   0.0000000  173
        0.4900000   0.0000000   0.0000000  174
       -0.4800000   0.0000000   0.0000000  175
       -0.4500000   0.0000000   0.0000000  176
       -0.4200000   0.0000000   0.0000000  177
       -0.3900000   0.0000000   0.0000000  178
       -0.3600000   0.0000000   0.0000000  179
       -0.3300000   0.0000000   0.0000000  180
       -0.3000000   0.0000000   0.0000000  181
       -0.2700000   0.0000000   0.0000000  182
       -0.2400000   0.0000000   0.0000000  183
       -0.2100000   0.0000000   0.0000000  184
       -0.1800000   0.0000000   0.0000000  185
       -0.1500000   0.0000000   0.0000000  186
       -0.1200000   0.0000000   0.0000000  187
       -0.0900000   0.0000000   0.0000000  188
       -0.0600000   0.0000000   0.0000000  189
       -0.0300000   0.0000000   0.0000000  190
        0.0000000   0.0000000   0.0000000  191